<?xml version="1.0"?>
<opencv_storage>
<floatdata type_id="opencv-matrix">
  <rows>1</rows>
  <cols>5</cols>
  <dt>d</dt>
  <data>
    -2.2566123702568749e-01 3.7219498682796774e+00
    6.1856433423224319e-03 -7.0077341584912304e-03
    -1.1724137879763992e+01</data></floatdata>
</opencv_storage>
