<?xml version="1.0"?>
<opencv_storage>
<floatdata type_id="opencv-matrix">
  <rows>3</rows>
  <cols>3</cols>
  <dt>d</dt>
  <data>
    8.4970128320661229e+02 0. 3.2923267818799678e+02 0.
    8.6476832661688945e+02 2.1678129472214604e+02 0. 0. 1.</data></floatdata>
</opencv_storage>
